-21.929154840877885
-85.88845113834212
53.640345046421345
-85.74449584471621
-5.144298686926129
-36.38427352540196
-77.11304186711098
-39.11324595985511
-71.25280289106797
74.56712741954786
-51.19490042691189
56.69782391618197
88.55824272354934
83.08975149499115
75.90034042364337
26.262883809251612
8.683931623090935
32.59154060331093
86.92142252425955
-95.56563505895151
-63.81956446375779
-48.343697231880746
-73.53185898543411
-76.89466779598469
3.036472054061745
-89.49814098723834
-34.19241598343298
-90.97033709974926
-71.1870996970747
0.7057879077219775
-85.87336313662732
-22.472357566279644
-58.904334933789016
-20.869857975824736
-68.1096052149021
-84.46022280454048
77.2163278458833
58.79980698837159
7.804079248680251
-13.95206334177691
-35.29239253228494
-70.53152103840307
35.79508555943088
45.927582123128516
-24.83566070283625
-98.07939733401781
71.20315455083286
-38.020675870804276
39.63807227816461
-54.38593098160728
-14.57307680426897
-43.167401604592925
83.81335978296087
64.23443667414071
15.826730355318386
52.47486902185834
47.22361067670844
95.89053459768861
8.042312578355293
55.57671580362009
-51.615087505866406
43.238021301204085
23.075633652721216
-90.74077560213284
-95.97888480614355
-43.1747391965311
-30.039051470430344
-81.99456820941683
54.65206762113749
38.03410194150408
62.65371613474676
-85.5342492293012
-6.674913034284891
-17.7978513751465
-26.490721045928
-92.68260330389066
99.91988393417824
1.8657248645170155
2.116793705745046
-61.66177409637199
78.5079511947885
45.14762288831362
-85.160170175731
75.4462800633419
27.02790019617143
-78.24390430777841
-29.312228951297882
-47.96199804270165
-10.074229671558621
16.479452049135713
83.28056916486717
-25.896718079538783
-10.619300413094667
97.55711951177064
-37.709118565908284
-58.38788073552538
